31/05/2025,-20,PUBLIC TRANSPORT AUTHO PERTH AUS Card xx6546 Value Date: 29/05/2025,1408.84
31/05/2025,-60,Transfer To Bobby CommBank App 11k more please,1428.84
30/05/2025,60,Fast Transfer From TAYYAB SHABBIR to PayID Phone For Ali,1488.84
30/05/2025,-640,Transfer To Bobby CommBank App Pak,1428.84
30/05/2025,170,Fast Transfer From MD TAWFIQUL ISLAM to PayID Phone Rent till 06/06,2068.84
30/05/2025,-0.21,International Transaction Fee Value Date: 28/05/2025,1898.84
30/05/2025,-6.05,Netflix.com Los Gatos SGP Card xx6546 PKR 1100.00 Value Date: 28/05/2025,1899.05
29/05/2025,-12.67,Transfer To NHYMA PAKHRIN TAMANG PayID Phone from CommBank App Didi,1905.1
29/05/2025,30,Fast Transfer From TAYYAB SHABBIR to PayID Phone Anaya,1917.77
28/05/2025,120,Fast Transfer From SUMEIA TAYYAB to PayID Phone Rent,1887.77
28/05/2025,350,Fast Transfer From SHELLY HAITA ZAHARA K to PayID Phone CREDIT TO ACCOUNT,1767.77
28/05/2025,-42.9,READING CINEMAS SOUTH MELBOUR VI AUS Card xx6546 Value Date: 24/05/2025,1417.77
26/05/2025,-3300,Transfer To Mahant Guru Pty Ltd CommBank App 190 Agent Fees | Omer,1460.67
26/05/2025,2300,Fast Transfer From Omer Shehzad to PayID Phone Agent Visa Fees,4760.67
26/05/2025,-30,Direct Debit 514574 TPG Internet P/L 160778167,2460.67
24/05/2025,170,Fast Transfer From MD TAWFIQUL ISLAM to PayID Phone Rent till 30/05,2490.67
23/05/2025,1000,Fast Transfer From MARYAM ASGHAR i love u,2320.67
23/05/2025,-79.95,GHANDA CANNINGTON AUS Card xx6546 Value Date: 20/05/2025,1320.67
23/05/2025,28.34,Return H&M HENNES & MAURITZ Cannington AU AUS Card xx6546 Value Date: 20/05/2025,1400.62
21/05/2025,280,Fast Transfer From MARYAM ASGHAR i love u,1372.28
20/05/2025,-50.3,Ribs Lane Mount Lawley WA AUS Card xx6546 Value Date: 17/05/2025,1092.28
18/05/2025,-800,Transfer to other Bank NetBank U 21 55 FL,1142.58
18/05/2025,50,Fast Transfer From MARYAM ASGHAR food,1942.58
17/05/2025,-30,PUBLIC TRANSPORT AUTHO PERTH AUS Card xx6546 Value Date: 15/05/2025,1892.58
16/05/2025,170,Fast Transfer From MD TAWFIQUL ISLAM to PayID Phone Rent till 23/05,1922.58
16/05/2025,-100,Transfer To A QASIM PayID Phone from CommBank App Happy birthday,1752.58
16/05/2025,-274.07,WorldRemit SYDNEY AU AUS Card xx6546 Value Date: 14/05/2025,1852.58
15/05/2025,373,Salary Remitter GOPPL 20251993166,2126.65
14/05/2025,350,Fast Transfer From SHELLY HAITA ZAHARA K to PayID Phone Car payment,1753.65
14/05/2025,-17.5,Direct Debit 514574 TPG Internet P/L 160311197,1403.65
13/05/2025,-100,DEPARTMENT OF TRANSPOR PERTH AUS Card xx6546 Value Date: 11/05/2025,1421.15
13/05/2025,-274.75,DEPARTMENT OF TRANSPOR PERTH AUS Card xx6546 Value Date: 12/05/2025,1521.15
10/05/2025,-35,Transfer To Endang W Wardani CommBank App Table,1795.9
10/05/2025,170,Fast Transfer From MD TAWFIQUL ISLAM to PayID Phone Rent till 16/05,1830.9
9/05/2025,-14.9,KFC AU Atwell Atwell AU AUS Card xx6546 Value Date: 07/05/2025,1660.9
8/05/2025,1000,Fast Transfer From Omer Shehzad to PayID Phone Rent,1675.8
7/05/2025,80,Fast Transfer From MARYAM ASGHAR uniqlo,675.8
6/05/2025,-1,GYG Cockburn Gateway Success WA AUS Card xx6546 Value Date: 02/05/2025,595.8
4/05/2025,-800,Transfer to other Bank NetBank U 21 55 FL,596.8
3/05/2025,-555.43,WorldRemit SYDNEY AU AUS Card xx6546 Value Date: 01/05/2025,1396.8
3/05/2025,-70,Belong Melbourne AU AUS Card xx6546 Value Date: 01/05/2025,1952.23
1/05/2025,-64.99,Direct Debit 514574 TPG Internet P/L 159732451,2022.23
1/05/2025,170,Fast Transfer From MD TAWFIQUL ISLAM to PayID Phone Rent till 09/05,2087.22
1/05/2025,-30,PUBLIC TRANSPORT AUTHO PERTH AUS Card xx6546 Value Date: 29/04/2025,1917.22
30/04/2025,525,Fast Transfer From SHELLY HAITA ZAHARA K to PayID Phone CREDIT TO ACCOUNT,1947.22
30/04/2025,-0.21,International Transaction Fee Value Date: 28/04/2025,1422.22
30/04/2025,-6.14,Netflix.com Los Gatos SGP Card xx6546 PKR 1100.00 Value Date: 28/04/2025,1422.43
29/04/2025,-140,Transfer To ONTIME AUTO SERVICE AND REPA PayID Phone from CommBank App Brakepads 1CWT,1428.57
29/04/2025,-9.04,CHOCOLATERIA SAN CHQPS SUCCESS AUS Card xx6546 Value Date: 24/04/2025,1568.57
29/04/2025,-9.49,THE PARK HIVE IGA HAMMOND PARK WA AUS Card xx6546 Value Date: 26/04/2025,1577.61
28/04/2025,-50,Transfer To American Express Australia PayID Email from CommBank App Test,1587.1
28/04/2025,-1000,Transfer To K RAZA PayID Phone from CommBank App Committee,1637.1
28/04/2025,-1000,Transfer To Bobby CommBank App Car expenses minus,2637.1
27/04/2025,-20,Transfer To Alteration Pants CommBank App Alterations,3637.1
25/04/2025,-70,Transfer To FinTech Accountants CommBank App Q3,3657.1
25/04/2025,500,Fast Transfer From AFZAL ASLAM to PayID Phone Loan repay,3727.1
24/04/2025,170,Fast Transfer From MD TAWFIQUL ISLAM to PayID Phone Rent till 02/05,3227.1
24/04/2025,-30,Direct Debit 514574 TPG Internet P/L 159397408,3057.1
23/04/2025,-30,Direct Debit 209033 SMARTRIDER #08262858725042224,3087.1
23/04/2025,-51.77,SPUDSHED JANDAKOT AUS Card xx6546 Value Date: 16/04/2025,3117.1
23/04/2025,-167.32,WorldRemit SYDNEY AU AUS Card xx6546 Value Date: 20/04/2025,3168.87
23/04/2025,-2,CITY OF FREMANTLE Fremantle AU AUS Card xx6546 Value Date: 20/04/2025,3336.19
21/04/2025,-25,Transfer To M EJAZ PayID Phone from CommBank App 25 bugs,3338.19
20/04/2025,-800,Transfer to other Bank NetBank U 21 55 FL,3363.19
19/04/2025,170,Fast Transfer From MD TAWFIQUL ISLAM to PayID Phone Rent till 25/04,4163.19
18/04/2025,-10,Transfer To M J HUMPHREY PayID Phone from CommBank App Wood,3993.19
18/04/2025,-40.55,METRO PETROLEUM CANNING VALE WA AUS Card xx6546 Value Date: 16/04/2025,4003.19
17/04/2025,350,Fast Transfer From SHELLY HAITA ZAHARA K to PayID Phone CREDIT TO ACCOUNT,4043.74
16/04/2025,-125,Transfer To Jaan CommBank App Weekly,3693.74
16/04/2025,-195.8,DEPT OF JUSTICE-CTG PA PERTH AUS Card xx6546 Value Date: 14/04/2025,3818.74
16/04/2025,-36.2,GUZMAN Y GOMEZ SURRY HILLS NS AUS Card xx6546 Value Date: 12/04/2025,4014.54
16/04/2025,-5000,Transfer To Omer Savings CommBank App Savings,4050.74
16/04/2025,5000,Fast Transfer From NHYMA TAMANG to PayID Phone All paid,9050.74
15/04/2025,160,Fast Transfer From MARYAM ASGHAR i love u,4050.74
15/04/2025,-7.11,115 Groundhouse Atwell WA AUS Card xx6546 Value Date: 13/04/2025,3890.74
14/04/2025,-17.5,Direct Debit 514574 TPG Internet P/L 158943733,3897.85
14/04/2025,27.52,Direct Credit 523487 DIDI MOBILITY (A Paid by didi,3915.35
12/04/2025,-29.9,GUZMAN Y GOMEZ SURRY HILLS NS AUS Card xx6546 Value Date: 10/04/2025,3887.83
12/04/2025,-192.02,Chulo Nepalese Perth Dianella WA AUS Card xx6546 Value Date: 11/04/2025,3917.73
11/04/2025,170,Fast Transfer From MD TAWFIQUL ISLAM to PayID Phone Rent till 18/04,4109.75
11/04/2025,70,Fast Transfer From MUHAMMAD EJAZ to PayID Phone Food,3939.75
10/04/2025,-580,Transfer To SALMAN SHAHID PayID Phone from CommBank App Costco Coffee,3869.75
10/04/2025,-5248.12,Direct Debit 000517 AMERICAN EXPRESS 377352541081006,4449.75
10/04/2025,-125,Transfer To Jaan CommBank App Weekly,9697.87
9/04/2025,-1540,Transfer To Mahant Guru Pty Ltd CommBank App Nomination Fees,9822.87
9/04/2025,10000,Fast Transfer From NHYMA TAMANG to PayID Phone 5k left,11362.87
9/04/2025,411.4,Direct Credit 158824 AMAZON COMMERCIA FCS002808114992,1362.87
8/04/2025,50,Fast Transfer From SUMEIA TAYYAB to PayID Phone Bday gift,951.47
8/04/2025,-50,Transfer To T SHABBIR PayID Phone from CommBank App Bday,901.47
8/04/2025,100,Fast Transfer From TAYYAB SHABBIR to PayID Phone Birthday gift,951.47
8/04/2025,-30,PUBLIC TRANSPORT AUTHO PERTH AUS Card xx6546 Value Date: 03/04/2025,851.47
8/04/2025,-209.1,DEPARTMENT OF TRANSPOR PERTH AUS Card xx6546 Value Date: 07/04/2025,881.47
7/04/2025,-30,Direct Debit 209033 SMARTRIDER #08262858725040756,1090.57
7/04/2025,20,Direct Credit 523487 DIDI MOBILITY (A Paid by didi,1120.57
7/04/2025,-720,Transfer To Bobby CommBank App Go ppl $800,1100.57
7/04/2025,-9000,Transfer To Bobby CommBank App Committee loan return,1820.57
6/04/2025,1500,Fast Transfer From MUHAMMAD JUNAID SANAU to PayID Phone Usman Comittee,10820.57
6/04/2025,1000,Fast Transfer From TALHA MUZAFFAR to PayID Phone comittee 3,9320.57
6/04/2025,1000,Fast Transfer From KHAWAR RAZA to PayID Phone cashpool,8320.57
6/04/2025,-125,Transfer To Jaan CommBank App Weekly,7320.57
6/04/2025,2000,Fast Transfer From MUHAMMAD ARSLAN to PayID Phone CREDIT TO ACCOUNT,7445.57
6/04/2025,-800,Transfer to other Bank NetBank U 21 55 FL,5445.57
5/04/2025,-23.7,McDonalds 950983 SUCCESS AU AUS Card xx6546 Value Date: 03/04/2025,6245.57
5/04/2025,180,Fast Transfer From SHELLY HAITA ZAHARA K to PayID Phone CREDIT TO ACCOUNT,6269.27
4/04/2025,170,Fast Transfer From MD TAWFIQUL ISLAM to PayID Phone Rent till 11/4,6089.27
4/04/2025,1000,Fast Transfer From HAMZA KHALID to PayID Phone C3 Hamza,5919.27
3/04/2025,2500,Fast Transfer From MUHAMMAD JUNAID SANAU to PayID Phone Comittee 3,4919.27
3/04/2025,800,Salary Remitter GOPPL 20251928485,2419.27
3/04/2025,-70,Belong Melbourne AU AUS Card xx6546 Value Date: 01/04/2025,1619.27
3/04/2025,-110,MAHANT GURU PTY LTD CANNING VALE AUS Card xx6546 Value Date: 01/04/2025,1689.27
2/04/2025,623.92,Direct Credit 158824 AMAZON COMMERCIA FCS002796920392,1799.27
2/04/2025,120,Fast Transfer From SUMEIA TAYYAB to PayID Phone Misc,1175.35
1/04/2025,-64.99,Direct Debit 514574 TPG Internet P/L 158403130,1055.35
1/04/2025,-350,WorldRemit SYDNEY AU AUS Card xx6546 Value Date: 30/03/2025,1120.34
1/04/2025,-0.22,International Transaction Fee Value Date: 28/03/2025,1470.34
1/04/2025,-6.26,NETFLIX.COM Singapore SG SGP Card xx6546 PKR 1100.00 Value Date: 28/03/2025,1470.56
31/03/2025,232.42,Direct Credit 523487 DIDI MOBILITY (A Paid by didi,1476.82
30/03/2025,-60,Transfer To T SHABBIR PayID Phone from CommBank App Mama sent 10k rs. to TJ,1244.4
30/03/2025,-100,Transfer To T SHABBIR PayID Phone from CommBank App Sumeia_s eidi,1304.4
30/03/2025,34,Fast Transfer From MARYAM ASGHAR love u gyg,1404.4
28/03/2025,170,Fast Transfer From MD TAWFIQUL ISLAM to PayID Phone Rent till 4/4,1370.4
28/03/2025,-2375,Transfer To Bobby CommBank App Pak money clear,1200.4
27/03/2025,4.09,Direct Credit 395135 A G Insurance 117895841129148731,3575.4
27/03/2025,1.07,Direct Credit 395135 A G Insurance 117895841129148732,3571.31
27/03/2025,180,Fast Transfer From SHELLY HAITA ZAHARA K to PayID Phone Car rental,3570.24
26/03/2025,696.3,Direct Credit 158824 AMAZON COMMERCIA FCS002784411422,3390.24
26/03/2025,-69,KMART Mulgrave AU AUS Card xx6546 Value Date: 24/03/2025,2693.94
25/03/2025,-30,Direct Debit 514574 TPG Internet P/L 158050519,2762.94
25/03/2025,-28.47,MANNING HAIRDRESSING S MANNING AU AUS Card xx6546 Value Date: 21/03/2025,2792.94
24/03/2025,-6000,Transfer To Bobby CommBank App $2375 left,2821.41
24/03/2025,6000,Fast Transfer From Omer Shehzad CREDIT TO ACCOUNT,8821.41
24/03/2025,270.09,Direct Credit 523487 DIDI MOBILITY (A Paid by didi,2821.41
23/03/2025,-800,Transfer to other Bank NetBank U 21 55 FL,2551.32
22/03/2025,-2,CITY OF VINCENT LEEDERVILLE AU AUS Card xx6546 Value Date: 19/03/2025,3351.32
20/03/2025,170,Fast Transfer From MD TAWFIQUL ISLAM to PayID Phone Rent till 28/03 Value Date: 21/03/2025,3353.32
19/03/2025,-500,Transfer To Omer Savings CommBank App Mazda2 Bond,3183.32
19/03/2025,680,Fast Transfer From SHELLY HAITA ZAHARA K to PayID Phone Bond and first pay,3683.32
19/03/2025,380.6,Direct Credit 158824 AMAZON COMMERCIA FCS002758537422,3003.32
19/03/2025,-125,Transfer To Jaan CommBank App Weekly allowance,2622.72
19/03/2025,1000,Fast Transfer From Omer Shehzad to PayID Phone T,2747.72
18/03/2025,-38.1,Chulo Nepalese Perth Dianella WA AUS Card xx6546 Value Date: 15/03/2025,1747.72
17/03/2025,-17.5,Direct Debit 514574 TPG Internet P/L 157667385,1785.82
17/03/2025,-17.5,Direct Debit 514574 TPG Internet P/L 157659170,1803.32
17/03/2025,434.58,Direct Credit 523487 DIDI MOBILITY (A Paid by didi,1820.82
14/03/2025,-10,Transfer To Jaan CommBank App Officwrks,1386.24
13/03/2025,170,Fast Transfer From MD TAWFIQUL ISLAM to PayID Phone Rent till 21/03,1396.24
13/03/2025,-30,PUBLIC TRANSPORT AUTHO PERTH AUS Card xx6546 Value Date: 11/03/2025,1226.24
12/03/2025,-125,Transfer To Jaan CommBank App Weekly allowance,1256.24
12/03/2025,272.8,Direct Credit 158824 AMAZON COMMERCIA FCS002747946842,1381.24
12/03/2025,-249,Transfer To Fremantle Baristas Trading CommBank App Barista Course,1108.44
12/03/2025,249,Fast Transfer From MARYAM ASGHAR pls transfer to fremantle baristas,1357.44
10/03/2025,363.61,Direct Credit 523487 DIDI MOBILITY (A Paid by didi,1108.44
9/03/2025,-15,Transfer To ANZ Everyday CommBank App U 21 55 FL,744.83
9/03/2025,-30,Transfer To ANZ Everyday CommBank App Pak money,759.83
9/03/2025,-500,Transfer To ANZ Everyday CommBank App Grace,789.83
9/03/2025,500,Reversal Transfer To Rmos ANZ Account closed,1289.83
9/03/2025,-500,Transfer To Rmos ANZ CommBank App Grace,789.83
9/03/2025,-800,Transfer to other Bank NetBank U 21 55 FL,1289.83
8/03/2025,-12,Transfer To Jaan CommBank App IGA,2089.83
8/03/2025,-23.15,DEPARTMENT OF TRANSPOR PERTH AUS Card xx6546 Value Date: 07/03/2025,2101.83
8/03/2025,-210,Transfer To Jaan CommBank App Preply,2124.98
8/03/2025,209.81,Fast Transfer From Preply Inc. Preply Preply,2334.98
7/03/2025,-281,Transfer To Bobby CommBank App Pak money,2125.17
7/03/2025,-92.85,APOLLO HEALTH COBURN SUCCESS WA AUS Card xx6546 Value Date: 04/03/2025,2406.17
7/03/2025,-57.7,DEPARTMENT OF TRANSPOR PERTH AUS Card xx6546 Value Date: 05/03/2025,2499.02
6/03/2025,-125,Transfer To Jaan CommBank App Weekly allowance,2556.72
6/03/2025,107.03,Direct Credit 492419 NIB 66798451,2681.72
6/03/2025,42.85,Direct Credit 492419 NIB 64796417,2574.69
6/03/2025,170,Fast Transfer From MD TAWFIQUL ISLAM to PayID Phone Rent till 14/03,2531.84
5/03/2025,-107.03,Direct Debit 000488 NIB 66798451,2361.84
5/03/2025,625.9,Direct Credit 158824 AMAZON COMMERCIA FCS002736953402,2468.87
4/03/2025,-4876.2,Direct Debit 000517 AMERICAN EXPRESS 377352541081006,1842.97
4/03/2025,-36.2,GUZMAN Y GOMEZ SURRY HILLS NS AUS Card xx6546 Value Date: 27/02/2025,6719.17
4/03/2025,-0.22,International Transaction Fee Value Date: 28/02/2025,6755.37
4/03/2025,-6.31,NETFLIX.COM Singapore SG SGP Card xx6546 PKR 1100.00 Value Date: 28/02/2025,6755.59
4/03/2025,-70,Belong Melbourne AU AUS Card xx6546 Value Date: 01/03/2025,6761.9
4/03/2025,42.22,Direct Credit 012721 ATO ATO006000020959821,6831.9
3/03/2025,-64.99,Direct Debit 514574 TPG Internet P/L 157021126,6789.68
3/03/2025,-33.18,Direct Debit 000488 NIB 64796417,6854.67
3/03/2025,1800,Fast Transfer From Omer Shehzad CREDIT TO ACCOUNT,6887.85
3/03/2025,794.83,Direct Credit 523487 DIDI MOBILITY (A Paid by didi,5087.85
3/03/2025,700,Salary Remitter GOPPL 20251873970,4293.02
3/03/2025,2700,Fast Transfer From Omer Shehzad to PayID Phone Gift,3593.02
28/02/2025,180,Fast Transfer From Grace C Errey to PayID Phone CREDIT TO ACCOUNT,893.02
27/02/2025,170,Fast Transfer From MD TAWFIQUL ISLAM to PayID Phone Rent till 07/03,713.02
26/02/2025,288.2,Direct Credit 158824 AMAZON COMMERCIA FCS002723939052,543.02
26/02/2025,-125,Transfer To Jaan CommBank App Weekly,254.82
25/02/2025,-34.2,BUSSELTON JETTY INC BUSSELTON WA AUS Card xx6546 Value Date: 23/02/2025,379.82
25/02/2025,-9.5,OBISON COFFEE ROASTERS WEST BUSSELTO AUS Card xx6546 Value Date: 23/02/2025,414.02
24/02/2025,-30,Direct Debit 514574 TPG Internet P/L 156688385,423.52
24/02/2025,231.85,Direct Credit 523487 DIDI MOBILITY (A Paid by didi,453.52
23/02/2025,-920,Transfer to other Bank NetBank U 21 55 FL,221.67
22/02/2025,-30,PUBLIC TRANSPORT AUTHO PERTH AUS Card xx6546 Value Date: 19/02/2025,1141.67
21/02/2025,170,Fast Transfer From MD TAWFIQUL ISLAM to PayID Phone Rent till 28/02,1171.67
21/02/2025,180,Fast Transfer From Grace C Errey to PayID Phone CREDIT TO ACCOUNT,1001.67
21/02/2025,-70,Transfer To FinTech Accountants CommBank App Q2 GST Statement,821.67
21/02/2025,-1121.43,WorldRemit SYDNEY AU AUS Card xx6546 Value Date: 19/02/2025,891.67
21/02/2025,-20.4,GUZMAN Y GOMEZ SURRY HILLS NS AUS Card xx6546 Value Date: 19/02/2025,2013.1
19/02/2025,134.2,Direct Credit 158824 AMAZON COMMERCIA FCS002697852272,2033.5
18/02/2025,120,Fast Transfer From TAYYAB SHABBIR to PayID Phone Car,1899.3
18/02/2025,17.5,Direct Credit 635924 TPG Internet N 60784,1779.3
18/02/2025,-4620,Transfer To Bobby CommBank App Wedding gift from big br...,1761.8
17/02/2025,-33.18,Direct Debit 000488 NIB 64796417,6381.8
17/02/2025,5133,Salary Remitter GOPPL 20251848659,6414.98
14/02/2025,-17.5,Direct Debit 514574 TPG Internet P/L 156346581,1281.98
14/02/2025,-17.5,Direct Debit 514574 TPG Internet P/L 156347647,1299.48
14/02/2025,180,Fast Transfer From Grace C Errey to PayID Phone CREDIT TO ACCOUNT,1316.98
14/02/2025,170,Fast Transfer From MD TAWFIQUL ISLAM to PayID Phone Rent till 21/02,1136.98
13/02/2025,50,Fast Transfer From MARYAM ASGHAR love u,966.98
12/02/2025,-50,Transfer To Jaan CommBank App Love u,916.98
12/02/2025,-60,Transfer To Syed M Farhan CommBank App Bobby and Omer,966.98
12/02/2025,1000,Fast Transfer From Omer Shehzad CREDIT TO ACCOUNT,1026.98
12/02/2025,-199.25,DEPARTMENT OF TRANSPOR PERTH AUS Card xx6546 Value Date: 10/02/2025,26.98
11/02/2025,-16.73,Oakberry Perth CBD Sydney NS AUS Card xx6546 Value Date: 07/02/2025,226.23
10/02/2025,-275,Transfer To MR TALHA MUZAFFAR PayID Phone from CommBank App Corolla Rego,242.96
10/02/2025,-800,Transfer to other Bank NetBank U 21 55 FL,517.96
9/02/2025,100,Fast Transfer From MUHAMMAD JUNAID SANAU to PayID Phone Mate,1317.96
9/02/2025,600,Fast Transfer From MR OMER SHEHZAD CREDIT TO ACCOUNT,1217.96
7/02/2025,180,Fast Transfer From Grace C Errey to PayID Phone CREDIT TO ACCOUNT,617.96
7/02/2025,170,Fast Transfer From MD TAWFIQUL ISLAM to PayID Phone Rent till 14/02,437.96
7/02/2025,-445.45,DEPARTMENT OF TRANSPOR PERTH AUS Card xx6546 Value Date: 06/02/2025,267.96
7/02/2025,-31,DEPARTMENT OF TRANSPOR PERTH AUS Card xx6546 Value Date: 05/02/2025,713.41
6/02/2025,-287.05,WorldRemit SYDNEY AU AUS Card xx6546 Value Date: 04/02/2025,744.41
4/02/2025,-11.98,MILK FLOWER CANNINGTON CANNINGTON AU AUS Card xx6546 Value Date: 30/01/2025,1031.46
4/02/2025,-1600,WorldRemit SYDNEY AU AUS Card xx6546 Value Date: 31/01/2025,1043.44
4/02/2025,-70,Belong Melbourne AU AUS Card xx6546 Value Date: 01/02/2025,2643.44
4/02/2025,-209.1,DEPARTMENT OF TRANSPOR PERTH AUS Card xx6546 Value Date: 01/02/2025,2713.44
3/02/2025,-500,Direct Debit 000517 AMERICAN EXPRESS 377352541081006,2922.54
3/02/2025,-64.99,Direct Debit 514574 TPG Internet P/L 155738801,3422.54
3/02/2025,-33.18,Direct Debit 000488 NIB 64796417,3487.53
1/02/2025,1900,Fast Transfer From Omer Shehzad CREDIT TO ACCOUNT,3520.71
31/01/2025,180,Fast Transfer From Grace C Errey to PayID Phone CREDIT TO ACCOUNT,1620.71
30/01/2025,-17.5,Direct Debit 514574 TPG Internet P/L 155623918,1440.71
30/01/2025,170,Fast Transfer From MD TAWFIQUL ISLAM to PayID Phone Rent till 07/02,1458.21
30/01/2025,-0.22,International Transaction Fee Value Date: 28/01/2025,1288.21
30/01/2025,-6.29,Netflix.com Los Gatos SGP Card xx6546 PKR 1100.00 Value Date: 28/01/2025,1288.43
29/01/2025,-0.2,International Transaction Fee Value Date: 25/01/2025,1294.72
29/01/2025,-5.77,ERAMAN KLIA-F&B SEPANG MY MYS Card xx6546 MYR 15.80 Value Date: 25/01/2025,1294.92
29/01/2025,-0.13,International Transaction Fee Value Date: 25/01/2025,1300.69
29/01/2025,-3.58,LITTLE MALAYSIA-KLIA1 SEPANG 12 MYS Card xx6546 MYR 9.80 Value Date: 25/01/2025,1300.82
29/01/2025,-7.71,Gelare - Harvest Lake Aubin Grove WA AUS Card xx6546 Value Date: 27/01/2025,1304.4
28/01/2025,-17.5,Direct Debit 514574 TPG Internet P/L 155385870,1312.11
26/01/2025,-800,Transfer to other Bank NetBank U 21 55 FL,1329.61
24/01/2025,170,Fast Transfer From MD TAWFIQUL ISLAM to PayID Phone Rent till 31/01,2129.61
24/01/2025,180,Fast Transfer From Grace C Errey to PayID Phone CREDIT TO ACCOUNT,1959.61
21/01/2025,-580.99,WorldRemit SYDNEY AU AUS Card xx6546 Value Date: 18/01/2025,1779.61
20/01/2025,-6.72,Direct Debit 000488 NIB 64796417,2360.6
18/01/2025,-580,WorldRemit SYDNEY AU AUS Card xx6546 Value Date: 17/01/2025,2367.32
17/01/2025,180,Fast Transfer From Grace C Errey to PayID Phone CREDIT TO ACCOUNT,2947.32
16/01/2025,-1165.03,WorldRemit SYDNEY AU AUS Card xx6546 Value Date: 14/01/2025,2767.32
15/01/2025,170,Fast Transfer From MD TAWFIQUL ISLAM to PayID Phone Rent till 24/01,3932.35
14/01/2025,-1172.38,WorldRemit SYDNEY AU AUS Card xx6546 Value Date: 11/01/2025,3762.35
12/01/2025,-800,Transfer to other Bank NetBank U 21 55 FL,4934.73
10/01/2025,180,Fast Transfer From Grace C Errey to PayID Phone CREDIT TO ACCOUNT,5734.73
10/01/2025,-1500,WorldRemit SYDNEY AU AUS Card xx6546 Value Date: 08/01/2025,5554.73
9/01/2025,170,Fast Transfer From MD TAWFIQUL ISLAM to PayID Phone Rent till 17/01,7054.73
9/01/2025,-700,WorldRemit SYDNEY AU AUS Card xx6546 Value Date: 07/01/2025,6884.73
8/01/2025,183.51,Return HOLLISTER CO. OHIO OH USA Card xx6546 AUD 183.51 Value Date: 03/01/2025,7584.73
7/01/2025,-3000,WorldRemit SYDNEY AU AUS Card xx6546 Value Date: 04/01/2025,7401.22
6/01/2025,-3330.75,Direct Debit 000517 AMERICAN EXPRESS 377352541081006,10401.22
4/01/2025,3000,Fast Transfer From MR OMER SHEHZAD CREDIT TO ACCOUNT,13731.97
3/01/2025,-580,Transfer To M EJAZ PayID Phone from CommBank App 100k,10731.97
3/01/2025,170,Fast Transfer From MD TAWFIQUL ISLAM to PayID Phone Rent till 10/01,11311.97
3/01/2025,180,Fast Transfer From Grace C Errey to PayID Phone CREDIT TO ACCOUNT,11141.97
3/01/2025,-70,Belong Melbourne AU AUS Card xx6546 Value Date: 01/01/2025,10961.97
2/01/2025,-64.99,Direct Debit 514574 TPG Internet P/L 154386183,11031.97
